DIFF_MIN=0.254902
DIFF_AVG=0.4558824
DIFF_MAX=0.627451
NUM_DER=20
NUM_OUT=8
NUM_TP=3
