DIFF_MIN=0.254902
DIFF_AVG=0.4449891
DIFF_MAX=0.5882353
NUM_DER=32
NUM_OUT=3
NUM_TP=3
