DIFF_MIN=0.254902
DIFF_AVG=0.4918301
DIFF_MAX=0.5882353
NUM_DER=34
NUM_OUT=4
NUM_TP=4
