DIFF_MIN=0.1960784
DIFF_AVG=0.5697386
DIFF_MAX=0.827451
NUM_DER=7
NUM_OUT=23
NUM_TP=5
