DIFF_MIN=0.1686275
DIFF_AVG=0.6317811
DIFF_MAX=0.9882353
NUM_DER=33
NUM_OUT=11
NUM_TP=4
