DIFF_MIN=0.1647059
DIFF_AVG=0.6377591
DIFF_MAX=0.9764706
NUM_DER=31
NUM_OUT=7
NUM_TP=0
