DIFF_MIN=0.254902
DIFF_AVG=0.4449891
DIFF_MAX=0.5882353
NUM_DER=31
NUM_OUT=5
NUM_TP=2
