DIFF_MIN=0.2078431
DIFF_AVG=0.5043417
DIFF_MAX=0.7960784
NUM_DER=13
NUM_OUT=25
NUM_TP=5
