DIFF_MIN=0.5882353
DIFF_AVG=0.8886555
DIFF_MAX=1
NUM_DER=42
NUM_OUT=0
NUM_TP=5
